0110010100110000
1111000001100110
1111001101010101
0011110011000011
0011001100110000
0011001100111111
1001011001101001
0011111110010101
0101011001100110
0000000000001111
1010010100111100
1010010101010101
0011001101011001
1100111110011010
1100111110010101
1100001101010110
1111110010100110
0101010100111100
1010100110011010
1010011001100101
0011000001100101
1111110011001100
1100111110011001
1100000001100101
0000111111111111
0011000000000011
1001100110010101
0110010101010110
1010010100110011
1010101011001100
1001011001100101
0000001101010110
0101101011000000
0011001101011010
0000110010100110
1001101010100101
0000000000000011
0011111111110000
1010010101010110
0110011001100110
1111111111111100
1100001100110011
1010101011000000
0000000001100101
0110100110011001
1001011001100110
0011001100111100
0101100110011001
1100110010100101
0011110010101001
0101010100110011
0110100111111100
1100001101011001
1100110010101001
0000001100111111
1010101010100101
1001010100110000
1100111111110011
0110101011000000
0101100110010101
0101011001100101
0000111110011010
0000001100110000
1010101010101001
0000001101011010
1001101010101001
1111110011000011
1001101011000000
0101011001101010
0101100110010110
1111110010101010
0110010100111100
1100000000000000
1001010101011010
0110100110010101
1010101011000011
0101101011001100
0110101011001111
0110011000001100
0110101010100110
0110100110010110
1100000000001111
0101101010100101
0110011000001111
0000111110010110
0011000000001111
1010011000000000
0110100111110011
1100001101011010
1001011001101010
1010100111111100
0011111111111111
1010010101011001
0000001101011001
1111000000000000
0101010101011001
1100111110010110
1100000000001100
1001101010100110
0011111110010110
0000110010101010
0101010100111111
0011111110011010
1010011000001100
1001010100111100
0000000001101010
0000111111110011
0110100111110000
1001010101011001
1100110010101010
0110011001101010
0101100111110011
1010100111110011
1001011000000011
0101011000001100
0000001100110011
1001100111110011
0000110011001100
0011110011001111
0011111110011001
0101101010101010
1111111110011001
0011001100110011
1001011000001111
1010101010100110
1100110011001100
0101101010100110
1010011000000011
1111001100111100
0101101011001111
0101100111111100
0101100110011010
0110010100111111
1010100110010110
0000001100111100
0110101010101001
1001010101010110
1010011001101001
1001100111110000
1001100110011010
0000000000000000
1111001101011010
0101011000000000
1111001101010110
1100110011000011
0101100111111111
0000111111111100
0110011000000000
1010100111111111
0011110011001100
0110011001100101
1010010100110000
0101101011000011
1100000001100110
1010010101011010
0110101011000011
1100110010100110
0110100111111111
1111000001100101
1010101011001111
0000001101010101
0110010101011010
1111110010100101
0000110011001111
0110100110011010
0110101010100101
1111001100110011
0101011000001111
1111111110010101
1001101011000011
1100001101010101
0011111111110011
1010100111110000
1001010101010101
1001100110010110
0101010100110000
1111001100110000
1111110010101001
1001100111111111
1001011000000000
1001010100111111
1010011001100110
0011110010100101
0110010100110011
1010011001101010
0000111110010101
1100000001101001
0101011000000011
1100111111111111
1111110011000000
0000000001101001
1001101011001100
0110010101010101
0101010101010101
1111000001101010
1111111111110011
1111000000001111
1010010100111111
0011000001100110
0101101010101001
0011000000000000
1111001100111111
0110010101011001
0000000000001100
1001101011001111
0011110010100110
0101100111110000
0011110010101010
0000110011000011
1010011000001111
0101010101010110
0101011001101001
1111000001101001
1001010100110011
1100001100111100
0011000000001100
0011110011000000
1100000001101010
0011001101010110
0000111110011001
1100110011000000
1100000000000011
1100111111111100
1111001101011001
0011000001101010
1100111111110000
1001101010101010
1111111110010110
0011111111111100
1111110011001111
1010100110011001
1111111111111111
0110011000000011
1111111111110000
1100110011001111
1111000000000011
0110011001101001
1100001100111111
0011000001101001
1001100111111100
0000110010101001
1001100110011001
0101010101011010
1100001100110000
0011001101010101
0000110011000000
1001011000001100
1010100110010101
1010101010101010
0110101010101010
0000111111110000
0110101011001100
0000000001100110
1111111110011010
0000110010100101
1111000000001100
