0111100011101110
0111100010001011
0100100011101110
0010000100011110
1101111011100010
0100011101110111
0010110111010001
0111100011101101
1110000101111011
1101110110111011
0001111010001000
0001110111011101
1101001001000111
0010111010000111
1101000101110100
1000010000101110
0111010000101110
0001110110111011
1101111010000111
1011010000101101
0100011101111011
1000100011101110
0111101110111011
1101001000101101
1101000101111000
1101110111010010
0010000101110111
0010001000100010
1000101111011101
0001111011101110
0010000101110100
1011100011101110
1110110111010010
0001110110110111
1110111011101101
1110111011100001
0010001000101110
1101111010000100
0111011100011110
1101001001001011
1110001000100010
1101111011101101
1101110111010001
1000011101111000
0111011100010010
0111010000100010
0100101110111000
0111010000100001
1011101110111000
0001111010000111
1011100011100001
1101111010001011
0001001000101110
0111011101110111
1011011100010001
1110000100011110
1011101110110111
1110110110111011
1000101110111000
0100011100010001
0010111010001000
0111011101111000
0010110110110111
0010111010000100
1000101110111011
0100011100011110
1000100010001011
0111100010000111
1110000101111000
1101000100010010
1000011100010001
0010001001001011
1110111010001000
1101111011101110
1101000101110111
0100010001000100
0010110110110100
1000011100011101
1011101111010010
1011101111010001
1000100011101101
1110000101110100
1011011101111000
1101000101111011
1011100010001000
0111011100011101
0100100010000111
0010111011100010
0111100010000100
1110000101110111
1110111011101110
1110001000100001
0001000101111000
1101110111011110
1110111011100010
1000010000100010
0010000100010010
1000100011100010
0100011101111000
1011011100011110
0010111010001011
1011010001001011
1011011100011101
0001110110110100
1110111010001011
1011010001000100
0100011100010010
1000100010000100
0111010001000111
1101000100011110
1011101111011110
0010000101111011
1000100010001000
1110001000101101
0001000100010001
1000101110110111
0010111011101110
0100101111011101
0001111010000100
1000101111011110
0100101110111011
0001000100011110
1110111010000111
1110001001000111
1110110110111000
1101001000100010
1011010000101110
1110000100011101
0111101110110100
0100010000101110
0001001001001011
0111011101111011
1000010001000100
1110111010000100
1110110111011101
0111010000101101
1101001001000100
1000010000100001
1011010001001000
0010001000101101
0001001000101101
1000010000101101
0001001001000100
1000101111010010
0100101111010001
1110001000101110
0100101111010010
0100100010001011
0111101110110111
0111100011100010
0010110111011110
1000011101110111
0001000101110100
1000101111010001
0111010001001011
0100100011100010
1000011100011110
0100011101110100
0001000100011101
1101000100011101
1101110110111000
0001110111010001
1110110111010001
0010110110111011
1011100011100010
1000011101111011
0100011100011101
0100010000100010
0001111011100010
0010000100010001
0001001000100001
0001001001000111
0100100011100001
1000100011100001
1110000100010010
1011010000100001
0111101111010010
0100010000101101
0111010001000100
0111011101110100
1000100010000111
1101001000100001
0100101111011110
0010110111010010
0010111011101101
0001000101111011
0100010001000111
0100010001001000
0111011100010001
0001001000100010
0010001001001000
1011101111011101
1101111011100001
0111101111011101
0100101110110100
1101001001001000
1110001001001011
0111101110111000
0010001001000111
0010110111011101
1011010001000111
1000010001001000
1110110111011110
0001000101110111
0010001000100001
1011011101110111
0100010000100001
0010111011100001
1110001001000100
1011010000100010
1110000100010001
1101110111011101
0111101111011110
1011100010000100
1011011101111011
0100010001001011
0111100010001000
1011011100010010
1101000100010001
0100100011101101
0111100011100001
0001111011101101
0111101111010001
0001110110111000
1000010001000111
0001110111011110
0010001001000100
0100101110110111
0010110110111000
1000101110110100
1000010001001011
1101111010001000
1011101110110100
0001110111010010
1101110110110100
1000011101110100
0001111011100001
0001001001001000
1000011100010010
0001111010001011
1011100011101101
1101001000101110
0100100010000100
1011101110111011
0100100010001000
1011011101110100
0010000100011101
1110110110110100
1011100010000111
0010000101111000
1110001001001000
1110110110110111
0111010001001000
1011100010001011
1101110110110111
0001000100010010
